[gd_scene load_steps=5 format=3 uid="uid://brkr35i0qwkk6"]

[ext_resource type="Texture2D" uid="uid://bw2k1qm0u10df" path="res://textures/prototype/Red/texture_01.png" id="1_7gxwa"]
[ext_resource type="PackedScene" uid="uid://b5tseho2jxitl" path="res://map/parts/start_gate.tscn" id="2_3cnge"]
[ext_resource type="PackedScene" uid="uid://dl63j3eaedywp" path="res://map/parts/gate.tscn" id="2_y6rgc"]

[sub_resource type="StandardMaterial3D" id="StandardMaterial3D_mbfiu"]
albedo_texture = ExtResource("1_7gxwa")

[node name="Halfpipe3" type="Node3D"]

[node name="CSGBox3D15" type="CSGBox3D" parent="."]
transform = Transform3D(0.843956, 0.504229, 0.183013, -0.398783, 0.361582, 0.842752, 0.358766, -0.784228, 0.506236, 2.27746, -2.60539, 1.70242)
material_override = SubResource("StandardMaterial3D_mbfiu")
use_collision = true
size = Vector3(2, 3.46514, 10)

[node name="CSGBox3D13" type="CSGBox3D" parent="."]
transform = Transform3D(0.930868, 0.26643, -0.25, -0.353605, 0.829134, -0.433013, 0.091916, 0.491479, 0.866025, 2.19471, -2.49635, -5.55059)
material_override = SubResource("StandardMaterial3D_mbfiu")
use_collision = true
size = Vector3(2, 12, 2)

[node name="CSGBox3D14" type="CSGBox3D" parent="."]
transform = Transform3D(-0.86691, 0.44899, 0.216506, -0.47638, -0.618415, -0.625, -0.146728, -0.644958, 0.75, 2.41919, 0.68748, 16.5434)
material_override = SubResource("StandardMaterial3D_mbfiu")
use_collision = true
size = Vector3(2, 10, 2)

[node name="CSGBox3D18" type="CSGBox3D" parent="."]
transform = Transform3D(0.0638159, -0.135086, -0.988777, -0.644355, 0.75101, -0.144189, 0.762059, 0.646325, -0.0391171, -3.66669, -2.95145, 14.5904)
material_override = SubResource("StandardMaterial3D_mbfiu")
use_collision = true
size = Vector3(2, 6.08328, 2)

[node name="CSGPolygon3D4" type="CSGPolygon3D" parent="."]
transform = Transform3D(0.997863, -0.0653512, 2.43456e-09, -0.0653512, -0.997863, 3.71733e-08, -8.34615e-16, -3.72529e-08, -1, -0.448913, -0.858876, -16.6346)
use_collision = true
polygon = PackedVector2Array(2.9, 2.7, -2, 3, -4, 1, -4, -2, -7, -2, -6, 2, -3, 5, 0, 6, 4, 5, 6, 1, 6, -2, 4, -2, 4, 1)
depth = 40.0

[node name="CSGBox3D22" type="CSGBox3D" parent="."]
transform = Transform3D(0.979924, -4.11322e-16, -0.199368, 3.48787e-16, 1, -3.48787e-16, 0.199368, 2.72248e-16, 0.979925, -0.12054, -3.39529, 4.3784)
material_override = SubResource("StandardMaterial3D_mbfiu")
use_collision = true
size = Vector3(10.2468, 2, 2)

[node name="StartGate" parent="." instance=ExtResource("2_3cnge")]
transform = Transform3D(-1, -5.55393e-10, -8.7421e-08, 3.12772e-25, 0.99998, -0.00635296, 8.74228e-08, -0.00635296, -0.99998, -0.33781, -3.51576, -16.6485)

[node name="Gate2" parent="." instance=ExtResource("2_y6rgc")]
transform = Transform3D(-1, -5.55393e-10, -8.7421e-08, 3.12772e-25, 0.99998, -0.00635296, 8.74228e-08, -0.00635296, -0.99998, -0.33781, -3.71576, 23.4515)
